#Res        AtomicFlx
   1.000       5.7249
   2.000       5.9774
   3.000       5.8077
   4.000       6.0441
   5.000       5.6473
   6.000       5.8273
   7.000       5.7935
   8.000       5.0749
   9.000       4.8941
  10.000       5.2622
  11.000       4.9977
  12.000       4.3532
  13.000       4.5722
  14.000       4.9655
  15.000       4.4495
  16.000       4.0302
  17.000       3.5987
  18.000       3.6876
  19.000       3.3494
  20.000       3.0769
  21.000       2.9941
  22.000       3.0018
  23.000       2.9266
  24.000       3.2294
  25.000       3.6690
  26.000       3.7852
  27.000       3.3140
  28.000       3.3547
  29.000       3.8626
  30.000       3.7379
  31.000       3.4053
  32.000       3.8171
  33.000       4.2045
  34.000       3.9007
  35.000       3.5880
  36.000       4.1910
  37.000       4.7863
  38.000       4.7847
  39.000       4.6009
  40.000       4.5584
  41.000       4.5818
  42.000       3.9792
  43.000       3.6343
  44.000       3.1563
  45.000       3.1716
  46.000       3.0145
  47.000       3.4213
  48.000       3.4846
  49.000       3.0984
  50.000       2.9809
  51.000       2.7396
  52.000       2.6936
  53.000       2.8768
  54.000       3.0682
  55.000       3.4311
  56.000       3.5360
  57.000       2.8966
  58.000       2.6890
  59.000       2.5515
  60.000       2.4406
  61.000       2.6754
  62.000       2.7673
  63.000       2.7603
  64.000       2.8926
  65.000       3.1377
  66.000       3.5865
  67.000       3.6050
  68.000       3.8267
  69.000       3.4459
  70.000       3.1904
  71.000       3.2487
  72.000       3.4356
  73.000       3.4891
  74.000       3.5426
  75.000       3.5001
  76.000       3.4525
  77.000       3.6067
  78.000       4.0917
  79.000       3.9324
  80.000       4.0342
  81.000       3.7255
  82.000       4.2897
  83.000       4.3677
  84.000       4.0030
  85.000       4.5469
  86.000       4.9905
  87.000       5.5185
  88.000       5.2687
  89.000       4.5485
  90.000       4.4843
  91.000       4.0831
  92.000       3.5379
  93.000       3.4838
  94.000       3.5399
  95.000       3.0433
  96.000       2.7154
  97.000       2.9192
  98.000       2.9001
  99.000       2.5215
 100.000       2.6189
 101.000       3.1145
 102.000       3.1042
 103.000       3.4371
 104.000       2.9618
 105.000       2.5242
 106.000       2.3385
 107.000       2.5046
 108.000       2.3500
 109.000       2.4174
 110.000       2.8276
 111.000       3.0434
 112.000       2.9649
 113.000       3.2790
 114.000       3.8267
 115.000       3.9687
 116.000       3.6781
 117.000       3.7855
 118.000       4.2933
 119.000       4.3683
 120.000       4.6644
 121.000       4.4431
 122.000       4.9202
 123.000       5.3148
 124.000       4.9995
 125.000       5.1608
 126.000       5.7280
 127.000       6.2909
 128.000       6.0269
 129.000       5.8681
 130.000       5.3059
