#Res        AtomicFlx
   1.000       0.8200
   2.000       0.8432
   3.000       0.8158
   4.000       0.8397
   5.000       0.7973
   6.000       0.8168
   7.000       0.8159
   8.000       0.7475
   9.000       0.8026
  10.000       0.8956
  11.000       0.8600
  12.000       0.8297
  13.000       0.9706
  14.000       1.0316
  15.000       0.9517
  16.000       1.0572
  17.000       1.0352
  18.000       1.0900
  19.000       1.1794
  20.000       1.0397
  21.000       1.0406
  22.000       1.1186
  23.000       0.9985
  24.000       0.9370
  25.000       0.8197
  26.000       0.8148
  27.000       0.8060
  28.000       0.7230
  29.000       0.7085
  30.000       0.7551
  31.000       0.7465
  32.000       0.7333
  33.000       0.7728
  34.000       0.8728
  35.000       0.8018
  36.000       0.7685
  37.000       0.7884
  38.000       0.7348
  39.000       0.7242
  40.000       0.7040
  41.000       0.7432
  42.000       0.6794
  43.000       0.7553
  44.000       0.7364
  45.000       0.8146
  46.000       0.8441
  47.000       1.1588
  48.000       1.1687
  49.000       0.9269
  50.000       0.8584
  51.000       0.7009
  52.000       0.6448
  53.000       0.6516
  54.000       0.5909
  55.000       0.6196
  56.000       0.6539
  57.000       0.6494
  58.000       0.6359
  59.000       0.5888
  60.000       0.6442
  61.000       0.6505
  62.000       0.7176
  63.000       0.7632
  64.000       0.7011
  65.000       0.6735
  66.000       0.6888
  67.000       0.7607
  68.000       0.9802
  69.000       0.8918
  70.000       0.7835
  71.000       0.8988
  72.000       1.0093
  73.000       0.8913
  74.000       0.8162
  75.000       0.7532
  76.000       0.7849
  77.000       0.7464
  78.000       0.7946
  79.000       0.7072
  80.000       0.6994
  81.000       0.6683
  82.000       0.7528
  83.000       0.7489
  84.000       0.7540
  85.000       0.8376
  86.000       0.7993
  87.000       0.8029
  88.000       0.8001
  89.000       0.7031
  90.000       0.7529
  91.000       0.7457
  92.000       0.6931
  93.000       0.7280
  94.000       0.7513
  95.000       0.7023
  96.000       0.7264
  97.000       0.7896
  98.000       0.7396
  99.000       0.7484
 100.000       0.8148
 101.000       0.8929
 102.000       0.9071
 103.000       1.0519
 104.000       0.9737
 105.000       0.9492
 106.000       0.9299
 107.000       0.9529
 108.000       0.9039
 109.000       0.8649
 110.000       0.9430
 111.000       0.9513
 112.000       0.9348
 113.000       1.0578
 114.000       1.1748
 115.000       1.2232
 116.000       1.1420
 117.000       1.0317
 118.000       1.0842
 119.000       1.0633
 120.000       1.0446
 121.000       0.9079
 122.000       0.8852
 123.000       0.9057
 124.000       0.7800
 125.000       0.7686
 126.000       0.8055
 127.000       0.8991
 128.000       0.8791
 129.000       1.0495
 130.000       1.0956
