#Res        AtomicFlx
   1.000       2.3798
   2.000       2.4672
   3.000       2.5408
   4.000       2.8268
   5.000       2.9834
   6.000       3.2967
   7.000       3.1578
   8.000       2.9379
   9.000       3.2469
  10.000       3.4798
  11.000       3.2797
  12.000       3.3028
  13.000       3.7513
  14.000       3.8857
  15.000       3.6938
  16.000       3.8701
  17.000       3.5321
  18.000       3.8835
  19.000       4.0265
  20.000       3.7627
  21.000       3.8938
  22.000       3.9482
  23.000       3.5738
  24.000       3.5154
  25.000       3.3648
  26.000       3.1470
  27.000       2.8388
  28.000       2.6432
  29.000       2.6103
  30.000       2.5235
  31.000       2.2595
  32.000       2.1831
  33.000       2.2869
  34.000       2.1946
  35.000       2.0206
  36.000       2.0705
  37.000       2.2292
  38.000       2.2259
  39.000       2.1476
  40.000       2.2088
  41.000       2.2793
  42.000       2.2828
  43.000       2.4373
  44.000       2.5667
  45.000       2.8628
  46.000       3.2056
  47.000       3.6367
  48.000       3.7014
  49.000       3.5697
  50.000       3.1022
  51.000       2.7161
  52.000       2.4431
  53.000       2.3052
  54.000       2.1888
  55.000       2.1271
  56.000       2.1717
  57.000       2.2023
  58.000       2.4274
  59.000       2.7103
  60.000       3.0861
  61.000       3.2785
  62.000       3.2554
  63.000       3.1886
  64.000       3.3134
  65.000       3.6174
  66.000       3.8729
  67.000       4.2687
  68.000       4.7453
  69.000       4.4000
  70.000       4.2015
  71.000       4.0336
  72.000       3.8873
  73.000       3.7588
  74.000       3.6687
  75.000       3.6005
  76.000       3.9093
  77.000       3.6022
  78.000       3.4184
  79.000       2.9933
  80.000       3.0063
  81.000       2.9547
  82.000       2.5627
  83.000       2.5276
  84.000       2.5692
  85.000       2.6517
  86.000       2.7573
  87.000       2.7351
  88.000       3.0599
  89.000       3.0296
  90.000       2.7368
  91.000       2.9555
  92.000       3.2893
  93.000       3.0727
  94.000       2.9265
  95.000       3.3249
  96.000       3.3897
  97.000       3.1044
  98.000       3.2507
  99.000       3.6544
 100.000       3.4972
 101.000       3.5230
 102.000       3.0794
 103.000       2.9796
 104.000       2.7328
 105.000       2.6988
 106.000       2.5175
 107.000       2.3318
 108.000       2.3742
 109.000       2.4151
 110.000       2.4932
 111.000       2.6587
 112.000       2.7929
 113.000       2.8242
 114.000       2.8958
 115.000       3.0680
 116.000       3.4241
 117.000       3.3603
 118.000       3.5261
 119.000       3.4569
 120.000       3.6991
 121.000       3.5971
 122.000       3.3276
 123.000       3.5953
 124.000       3.8183
 125.000       4.1304
 126.000       3.9864
 127.000       4.3405
 128.000       4.3604
