#Res        AtomicFlx
   1.000       4.8814
   2.000       5.0623
   3.000       4.9155
   4.000       4.9862
   5.000       4.8992
   6.000       5.2035
   7.000       5.1077
   8.000       4.7602
   9.000       4.8311
  10.000       5.0391
  11.000       4.8018
  12.000       4.5691
  13.000       4.7981
  14.000       4.9408
  15.000       4.6123
  16.000       4.6773
  17.000       4.4686
  18.000       4.7768
  19.000       4.7261
  20.000       4.4871
  21.000       4.5511
  22.000       4.6301
  23.000       4.4644
  24.000       4.5312
  25.000       4.6685
  26.000       4.6067
  27.000       4.3238
  28.000       4.3080
  29.000       4.5071
  30.000       4.3913
  31.000       4.2122
  32.000       4.2828
  33.000       4.3949
  34.000       4.2792
  35.000       4.1858
  36.000       4.3480
  37.000       4.5239
  38.000       4.5397
  39.000       4.5067
  40.000       4.5193
  41.000       4.6400
  42.000       4.4221
  43.000       4.4610
  44.000       4.4114
  45.000       4.5996
  46.000       4.7828
  47.000       5.1227
  48.000       5.1178
  49.000       4.9795
  50.000       4.6869
  51.000       4.4091
  52.000       4.2569
  53.000       4.1911
  54.000       4.2200
  55.000       4.1817
  56.000       4.0434
  57.000       4.0403
  58.000       4.1098
  59.000       4.2235
  60.000       4.4683
  61.000       4.5984
  62.000       4.4786
  63.000       4.3181
  64.000       4.4413
  65.000       4.6817
  66.000       4.8384
  67.000       5.2722
  68.000       5.4570
  69.000       5.1087
  70.000       5.0985
  71.000       4.9824
  72.000       4.8484
  73.000       4.6622
  74.000       4.5816
  75.000       4.4533
  76.000       4.6160
  77.000       4.5722
  78.000       4.5990
  79.000       4.5086
  80.000       4.6881
  81.000       4.6477
  82.000       4.5024
  83.000       4.6903
  84.000       4.8565
  85.000       5.1202
  86.000       4.9961
  87.000       4.7012
  88.000       4.5519
  89.000       4.4386
  90.000       4.2318
  91.000       4.2628
  92.000       4.2932
  93.000       4.1128
  94.000       4.0437
  95.000       4.1600
  96.000       4.1477
  97.000       4.0366
  98.000       4.1943
  99.000       4.3840
 100.000       4.3100
 101.000       4.3833
 102.000       4.2746
 103.000       4.2155
 104.000       4.1604
 105.000       4.2424
 106.000       4.2833
 107.000       4.1464
 108.000       4.2047
 109.000       4.1680
 110.000       4.1661
 111.000       4.3007
 112.000       4.3530
 113.000       4.3487
 114.000       4.3512
 115.000       4.4617
 116.000       4.7981
 117.000       4.7863
 118.000       4.9827
 119.000       4.9298
 120.000       5.2871
 121.000       5.1428
 122.000       4.9542
 123.000       5.3554
 124.000       5.6349
 125.000       6.1266
 126.000       5.9869
 127.000       6.3786
 128.000       6.0307
