#Res        AtomicFlx
   1.000       1.2306
   2.000       1.3262
   3.000       1.3107
   4.000       1.3503
   5.000       1.2721
   6.000       1.3944
   7.000       1.4813
   8.000       1.3436
   9.000       1.3805
  10.000       1.5580
  11.000       1.4647
  12.000       1.4013
  13.000       1.5672
  14.000       1.6797
  15.000       1.5024
  16.000       1.5988
  17.000       1.5367
  18.000       1.5119
  19.000       1.5482
  20.000       1.4696
  21.000       1.5327
  22.000       1.3468
  23.000       1.3024
  24.000       1.1914
  25.000       1.1697
  26.000       1.0658
  27.000       0.9975
  28.000       0.9788
  29.000       0.9664
  30.000       0.9027
  31.000       0.8334
  32.000       0.8517
  33.000       0.8432
  34.000       0.7927
  35.000       0.7584
  36.000       0.8840
  37.000       0.9741
  38.000       1.0465
  39.000       0.9950
  40.000       1.0054
  41.000       1.0032
  42.000       0.8398
  43.000       0.8691
  44.000       0.7973
  45.000       0.9521
  46.000       1.0070
  47.000       1.3289
  48.000       1.1871
  49.000       1.0331
  50.000       0.8372
  51.000       0.6619
  52.000       0.6488
  53.000       0.6585
  54.000       0.7647
  55.000       0.8301
  56.000       0.7736
  57.000       0.7015
  58.000       0.6529
  59.000       0.6937
  60.000       0.6923
  61.000       0.8850
  62.000       0.9315
  63.000       0.8667
  64.000       0.7646
  65.000       0.7484
  66.000       0.8316
  67.000       1.0971
  68.000       1.0620
  69.000       0.9839
  70.000       1.1538
  71.000       1.2727
  72.000       1.0896
  73.000       1.0496
  74.000       0.9447
  75.000       1.0534
  76.000       0.9952
  77.000       0.9783
  78.000       0.8641
  79.000       0.7431
  80.000       0.7107
  81.000       0.8019
  82.000       0.8460
  83.000       0.8301
  84.000       0.8916
  85.000       0.9741
  86.000       1.1517
  87.000       1.1406
  88.000       1.1288
  89.000       1.1998
  90.000       1.1260
  91.000       1.0064
  92.000       1.0708
  93.000       1.1489
  94.000       1.0361
  95.000       1.0367
  96.000       1.2156
  97.000       1.1970
  98.000       1.0988
  99.000       1.1271
 100.000       1.2189
 101.000       1.2185
 102.000       1.2677
 103.000       1.2260
 104.000       1.1230
 105.000       0.9840
 106.000       1.0110
 107.000       0.9094
 108.000       0.8611
 109.000       0.8856
 110.000       0.8873
 111.000       0.9188
 112.000       1.0066
 113.000       1.0305
 114.000       1.0281
 115.000       1.0033
 116.000       1.0607
 117.000       1.3091
 118.000       1.1859
 119.000       1.2087
 120.000       1.1249
 121.000       1.1982
 122.000       1.2457
 123.000       1.2003
 124.000       1.2157
 125.000       1.2590
 126.000       1.4436
 127.000       1.5646
 128.000       1.9020
 129.000       1.9102
