#Res        AtomicFlx
   1.000       1.4632
   2.000       1.5205
   3.000       1.4037
   4.000       1.3347
   5.000       1.3369
   6.000       1.2982
   7.000       1.1534
   8.000       1.0957
   9.000       1.1570
  10.000       1.1315
  11.000       1.0670
  12.000       1.0527
  13.000       1.0931
  14.000       1.1253
  15.000       1.1478
  16.000       1.1223
  17.000       1.0635
  18.000       1.0999
  19.000       1.1271
  20.000       1.0507
  21.000       1.1487
  22.000       1.2787
  23.000       1.1925
  24.000       1.2128
  25.000       1.1833
  26.000       1.2208
  27.000       1.1969
  28.000       1.1115
  29.000       1.1903
  30.000       1.2782
  31.000       1.2053
  32.000       1.2006
  33.000       1.3474
  34.000       1.4056
  35.000       1.3636
  36.000       1.4027
  37.000       1.4593
  38.000       1.3138
  39.000       1.2833
  40.000       1.1507
  41.000       1.3185
  42.000       1.2538
  43.000       1.4288
  44.000       1.4343
  45.000       1.6088
  46.000       1.6501
  47.000       1.8851
  48.000       1.7415
  49.000       1.5852
  50.000       1.3933
  51.000       1.2050
  52.000       1.1534
  53.000       0.9810
  54.000       1.0104
  55.000       1.0234
  56.000       0.9627
  57.000       1.0300
  58.000       0.9160
  59.000       0.9492
  60.000       1.0482
  61.000       1.1088
  62.000       0.9652
  63.000       0.7928
  64.000       0.8677
  65.000       0.9648
  66.000       1.1562
  67.000       1.2973
  68.000       1.5077
  69.000       1.3171
  70.000       1.3278
  71.000       1.1405
  72.000       1.0533
  73.000       0.8357
  74.000       0.7948
  75.000       0.7343
  76.000       0.8145
  77.000       0.8237
  78.000       0.9217
  79.000       0.9797
  80.000       1.0820
  81.000       0.9904
  82.000       0.9779
  83.000       1.2895
  84.000       1.2633
  85.000       1.4004
  86.000       1.2456
  87.000       0.9554
  88.000       0.8638
  89.000       0.7712
  90.000       0.7162
  91.000       0.7078
  92.000       0.6877
  93.000       0.6467
  94.000       0.7129
  95.000       0.7351
  96.000       0.7087
  97.000       0.8116
  98.000       1.0348
  99.000       1.1244
 100.000       1.2138
 101.000       1.5182
 102.000       1.3944
 103.000       1.1800
 104.000       1.1768
 105.000       1.2733
 106.000       1.1575
 107.000       1.1950
 108.000       1.2938
 109.000       1.3604
 110.000       1.4601
 111.000       1.5778
 112.000       1.5840
 113.000       1.5775
 114.000       1.5326
 115.000       1.6970
 116.000       1.9286
 117.000       1.8810
 118.000       1.9861
 119.000       1.6426
 120.000       1.6350
 121.000       1.7561
 122.000       1.6555
 123.000       1.5479
 124.000       1.6891
 125.000       1.7360
 126.000       1.6253
 127.000       1.8899
 128.000       1.6066
