#Res        AtomicFlx
   1.000       3.9426
   2.000       3.9571
   3.000       3.6693
   4.000       3.9472
   5.000       3.6507
   6.000       4.0919
   7.000       4.1040
   8.000       3.3907
   9.000       3.3997
  10.000       4.0022
  11.000       3.8211
  12.000       3.2822
  13.000       3.7122
  14.000       4.3288
  15.000       3.9916
  16.000       3.7609
  17.000       3.1245
  18.000       3.2440
  19.000       3.4284
  20.000       3.3923
  21.000       3.8573
  22.000       3.6156
  23.000       3.0632
  24.000       2.7800
  25.000       2.6300
  26.000       2.6913
  27.000       2.4584
  28.000       2.1032
  29.000       2.3321
  30.000       2.5338
  31.000       2.1500
  32.000       2.0381
  33.000       2.5874
  34.000       2.7249
  35.000       2.1753
  36.000       2.3045
  37.000       2.8166
  38.000       2.7510
  39.000       2.6274
  40.000       2.8407
  41.000       2.7916
  42.000       2.2726
  43.000       2.2794
  44.000       2.4709
  45.000       2.9230
  46.000       3.6617
  47.000       4.4951
  48.000       5.1310
  49.000       4.9537
  50.000       4.2983
  51.000       3.7237
  52.000       3.0502
  53.000       2.3991
  54.000       2.2278
  55.000       2.0547
  56.000       1.9313
  57.000       1.8205
  58.000       2.0057
  59.000       2.4681
  60.000       3.2442
  61.000       3.9576
  62.000       4.6232
  63.000       4.6529
  64.000       4.3070
  65.000       4.3119
  66.000       4.6386
  67.000       4.5304
  68.000       5.1967
  69.000       5.0562
  70.000       5.1269
  71.000       5.6743
  72.000       5.5929
  73.000       5.7673
  74.000       5.4130
  75.000       5.2438
  76.000       4.9876
  77.000       5.5632
  78.000       4.9959
  79.000       4.6113
  80.000       3.7570
  81.000       4.0396
  82.000       4.0415
  83.000       3.2037
  84.000       3.5301
  85.000       3.9769
  86.000       4.3716
  87.000       4.4173
  88.000       3.7422
  89.000       4.1645
  90.000       4.0316
  91.000       3.2087
  92.000       3.2902
  93.000       3.9243
  94.000       3.5794
  95.000       3.0535
  96.000       3.5863
  97.000       4.0840
  98.000       3.7560
  99.000       3.7602
 100.000       4.5064
 101.000       4.7289
 102.000       5.3511
 103.000       4.8333
 104.000       4.0055
 105.000       3.5007
 106.000       4.0679
 107.000       3.7914
 108.000       3.5241
 109.000       3.9559
 110.000       3.5534
 111.000       3.5347
 112.000       4.3409
 113.000       4.5250
 114.000       4.2143
 115.000       3.8385
 116.000       4.4850
 117.000       5.0687
 118.000       4.6069
 119.000       4.4753
 120.000       3.7960
 121.000       4.0856
 122.000       4.2488
 123.000       3.6949
 124.000       3.9843
 125.000       4.6057
 126.000       5.2494
 127.000       4.9094
 128.000       5.1679
 129.000       4.9344
