#Res        AtomicFlx
   1.000       1.1785
   2.000       1.2457
   3.000       1.2227
   4.000       1.3238
   5.000       1.2580
   6.000       1.3954
   7.000       1.3892
   8.000       1.1910
   9.000       1.2170
  10.000       1.3709
  11.000       1.3074
  12.000       1.1582
  13.000       1.2664
  14.000       1.4223
  15.000       1.3042
  16.000       1.2282
  17.000       1.0550
  18.000       1.1490
  19.000       1.1089
  20.000       1.0230
  21.000       1.1026
  22.000       1.0932
  23.000       0.9094
  24.000       0.9206
  25.000       0.9594
  26.000       0.8907
  27.000       0.7592
  28.000       0.7926
  29.000       0.8623
  30.000       0.7949
  31.000       0.7186
  32.000       0.7993
  33.000       0.8850
  34.000       0.8653
  35.000       0.7124
  36.000       0.8700
  37.000       1.0065
  38.000       0.9921
  39.000       0.9215
  40.000       0.8985
  41.000       0.8951
  42.000       0.7685
  43.000       0.7768
  44.000       0.6670
  45.000       0.7471
  46.000       0.7291
  47.000       0.8968
  48.000       0.8052
  49.000       0.6856
  50.000       0.6024
  51.000       0.5218
  52.000       0.5339
  53.000       0.5631
  54.000       0.6783
  55.000       0.7571
  56.000       0.6848
  57.000       0.6061
  58.000       0.5528
  59.000       0.5664
  60.000       0.6280
  61.000       0.6727
  62.000       0.7488
  63.000       0.7025
  64.000       0.6697
  65.000       0.7012
  66.000       0.7125
  67.000       0.9067
  68.000       0.8127
  69.000       0.7293
  70.000       0.8326
  71.000       0.9328
  72.000       0.8853
  73.000       0.9405
  74.000       0.8638
  75.000       0.9113
  76.000       0.9151
  77.000       1.0306
  78.000       0.8466
  79.000       0.7844
  80.000       0.6933
  81.000       0.8930
  82.000       1.0677
  83.000       0.9287
  84.000       0.9825
  85.000       1.0856
  86.000       1.1923
  87.000       1.1984
  88.000       1.0797
  89.000       1.1374
  90.000       1.0363
  91.000       0.8950
  92.000       0.8823
  93.000       0.9655
  94.000       0.8003
  95.000       0.7152
  96.000       0.8668
  97.000       0.8845
  98.000       0.7855
  99.000       0.8259
 100.000       1.0512
 101.000       1.0430
 102.000       1.1960
 103.000       1.0198
 104.000       0.8292
 105.000       0.7308
 106.000       0.8141
 107.000       0.7846
 108.000       0.7363
 109.000       0.8894
 110.000       0.8285
 111.000       0.7765
 112.000       0.8837
 113.000       0.9963
 114.000       0.9714
 115.000       0.9012
 116.000       1.0834
 117.000       1.4381
 118.000       1.2040
 119.000       1.1594
 120.000       1.0238
 121.000       1.1873
 122.000       1.2848
 123.000       1.2045
 124.000       1.3340
 125.000       1.4889
 126.000       1.7479
 127.000       1.7325
 128.000       1.8233
 129.000       1.8609
