#Res        AtomicFlx
   1.000       4.8844
   2.000       5.3568
   3.000       5.6687
   4.000       6.1397
   5.000       6.4221
   6.000       6.6953
   7.000       6.3045
   8.000       5.9393
   9.000       6.2940
  10.000       6.4406
  11.000       5.9517
  12.000       5.8488
  13.000       6.3227
  14.000       6.2680
  15.000       5.8783
  16.000       6.0359
  17.000       5.8686
  18.000       6.2532
  19.000       6.0391
  20.000       5.5449
  21.000       5.4563
  22.000       5.8725
  23.000       5.8693
  24.000       6.1326
  25.000       6.1819
  26.000       6.2817
  27.000       5.8266
  28.000       5.4852
  29.000       5.7946
  30.000       5.8632
  31.000       5.3676
  32.000       5.2949
  33.000       5.7196
  34.000       5.6640
  35.000       5.1642
  36.000       5.1546
  37.000       5.5218
  38.000       5.2642
  39.000       4.8433
  40.000       4.4532
  41.000       4.3336
  42.000       4.3541
  43.000       4.4810
  44.000       4.5450
  45.000       4.9401
  46.000       5.0221
  47.000       5.3856
  48.000       5.0966
  49.000       4.8288
  50.000       4.5913
  51.000       4.2368
  52.000       4.2062
  53.000       4.0144
  54.000       4.2015
  55.000       4.5369
  56.000       4.4095
  57.000       4.2694
  58.000       3.9370
  59.000       3.9068
  60.000       3.8908
  61.000       4.0102
  62.000       3.7510
  63.000       3.5715
  64.000       3.5848
  65.000       3.6882
  66.000       3.8540
  67.000       4.1784
  68.000       4.1974
  69.000       4.4591
  70.000       4.3389
  71.000       4.0086
  72.000       3.8343
  73.000       3.6827
  74.000       3.6365
  75.000       3.6569
  76.000       3.7602
  77.000       3.6585
  78.000       3.6081
  79.000       3.6156
  80.000       3.6958
  81.000       3.7190
  82.000       3.7887
  83.000       3.9746
  84.000       4.2001
  85.000       4.6351
  86.000       4.6096
  87.000       4.5743
  88.000       4.5276
  89.000       4.1398
  90.000       4.0807
  91.000       4.3175
  92.000       4.1589
  93.000       3.9020
  94.000       4.1080
  95.000       4.2302
  96.000       4.0034
  97.000       4.0241
  98.000       4.3013
  99.000       4.2643
 100.000       4.2655
 101.000       4.5582
 102.000       4.6353
 103.000       4.5666
 104.000       4.8271
 105.000       4.9685
 106.000       4.6935
 107.000       4.9832
 108.000       5.4758
 109.000       5.6449
 110.000       5.6555
 111.000       5.9431
 112.000       6.3771
 113.000       6.4381
 114.000       6.3455
 115.000       6.5038
 116.000       6.8790
 117.000       7.2090
 118.000       7.5374
 119.000       7.1906
 120.000       7.6039
 121.000       7.6277
 122.000       7.0101
 123.000       7.3372
 124.000       7.8238
 125.000       8.1618
 126.000       7.8575
 127.000       7.8084
 128.000       7.9233
