#Res        AtomicFlx
   1.000       6.0762
   2.000       5.8593
   3.000       4.8855
   4.000       4.5193
   5.000       4.0849
   6.000       3.8152
   7.000       3.7385
   8.000       3.2509
   9.000       3.3646
  10.000       3.7093
  11.000       3.7667
  12.000       3.8253
  13.000       4.5698
  14.000       5.1694
  15.000       5.1793
  16.000       5.7222
  17.000       5.3165
  18.000       6.0598
  19.000       7.1959
  20.000       6.9075
  21.000       7.9713
  22.000       8.1260
  23.000       6.7978
  24.000       6.2737
  25.000       5.0821
  26.000       5.4058
  27.000       5.3620
  28.000       4.2076
  29.000       4.2953
  30.000       5.2400
  31.000       4.7522
  32.000       4.2063
  33.000       5.2753
  34.000       5.8678
  35.000       5.0721
  36.000       5.0462
  37.000       5.3422
  38.000       4.4962
  39.000       4.6482
  40.000       4.6466
  41.000       5.5048
  42.000       4.9558
  43.000       5.5976
  44.000       5.3948
  45.000       6.2306
  46.000       6.1731
  47.000       6.8636
  48.000       5.8825
  49.000       5.3712
  50.000       4.7268
  51.000       4.0292
  52.000       3.9553
  53.000       3.3785
  54.000       3.5343
  55.000       3.2389
  56.000       3.1113
  57.000       3.3866
  58.000       3.0550
  59.000       3.3266
  60.000       3.4407
  61.000       3.8881
  62.000       4.0353
  63.000       3.8675
  64.000       4.0062
  65.000       4.7935
  66.000       5.6484
  67.000       5.9800
  68.000       6.1012
  69.000       5.3569
  70.000       4.7411
  71.000       4.5499
  72.000       4.8438
  73.000       4.8480
  74.000       5.2082
  75.000       5.1193
  76.000       5.7497
  77.000       5.1061
  78.000       5.1197
  79.000       4.5780
  80.000       5.3817
  81.000       4.9301
  82.000       3.9697
  83.000       4.8578
  84.000       5.1265
  85.000       5.3594
  86.000       4.9993
  87.000       4.0414
  88.000       4.6203
  89.000       4.4008
  90.000       3.4621
  91.000       3.8368
  92.000       4.6836
  93.000       4.1954
  94.000       4.1720
  95.000       5.2279
  96.000       5.5386
  97.000       5.4523
  98.000       6.4455
  99.000       7.4870
 100.000       7.6547
 101.000       8.7336
 102.000       7.9630
 103.000       6.9739
 104.000       6.4243
 105.000       6.9555
 106.000       5.9039
 107.000       5.8912
 108.000       6.7515
 109.000       6.6076
 110.000       6.8952
 111.000       8.1629
 112.000       8.8145
 113.000       8.3099
 114.000       7.9224
 115.000       8.9419
 116.000       9.8721
 117.000       9.1620
 118.000       8.6653
 119.000       7.1011
 120.000       6.8632
 121.000       6.7057
 122.000       5.4647
 123.000       5.1094
 124.000       5.4135
 125.000       4.9731
 126.000       4.2392
 127.000       4.5172
 128.000       4.6129
