#Res        AtomicFlx
   1.000       4.3063
   2.000       4.3203
   3.000       3.9508
   4.000       4.0153
   5.000       3.7291
   6.000       3.9672
   7.000       3.7840
   8.000       3.2211
   9.000       3.3119
  10.000       3.5970
  11.000       3.1941
  12.000       2.9635
  13.000       3.4224
  14.000       3.5271
  15.000       3.1019
  16.000       3.2083
  17.000       2.9050
  18.000       3.3666
  19.000       3.6474
  20.000       3.3242
  21.000       3.7869
  22.000       3.8796
  23.000       3.2830
  24.000       3.1848
  25.000       3.0428
  26.000       2.9669
  27.000       2.6336
  28.000       2.4049
  29.000       2.5984
  30.000       2.5660
  31.000       2.4310
  32.000       2.6231
  33.000       2.9238
  34.000       2.9747
  35.000       3.0554
  36.000       3.3671
  37.000       3.4967
  38.000       3.4413
  39.000       3.6126
  40.000       3.6381
  41.000       4.2641
  42.000       4.0182
  43.000       4.4414
  44.000       4.5946
  45.000       5.1781
  46.000       5.5919
  47.000       6.2564
  48.000       6.1562
  49.000       5.9003
  50.000       5.2515
  51.000       4.5274
  52.000       4.0625
  53.000       3.5368
  54.000       3.2976
  55.000       2.8594
  56.000       2.6504
  57.000       3.0445
  58.000       3.3188
  59.000       3.8378
  60.000       4.5016
  61.000       4.7585
  62.000       4.2673
  63.000       3.7981
  64.000       4.2101
  65.000       4.7323
  66.000       5.3398
  67.000       6.0211
  68.000       6.3817
  69.000       5.8023
  70.000       5.7978
  71.000       5.3766
  72.000       4.8780
  73.000       4.3775
  74.000       3.9055
  75.000       3.5642
  76.000       3.9317
  77.000       4.0260
  78.000       4.1406
  79.000       4.1690
  80.000       4.3186
  81.000       3.7774
  82.000       3.5362
  83.000       3.9914
  84.000       3.8467
  85.000       4.0165
  86.000       3.5324
  87.000       3.0964
  88.000       2.8001
  89.000       2.7619
  90.000       2.5812
  91.000       2.2782
  92.000       2.4197
  93.000       2.5900
  94.000       2.4242
  95.000       2.5861
  96.000       2.9636
  97.000       2.9776
  98.000       3.0110
  99.000       3.5347
 100.000       3.8457
 101.000       4.4214
 102.000       3.9300
 103.000       3.2998
 104.000       2.8922
 105.000       3.2489
 106.000       3.2331
 107.000       2.9581
 108.000       3.1515
 109.000       2.8640
 110.000       2.8391
 111.000       3.2495
 112.000       3.2457
 113.000       3.0244
 114.000       3.0133
 115.000       3.3826
 116.000       3.8630
 117.000       3.6306
 118.000       3.7312
 119.000       3.5620
 120.000       4.0419
 121.000       3.9567
 122.000       3.6528
 123.000       4.1161
 124.000       4.5895
 125.000       5.0404
 126.000       4.7467
 127.000       5.0797
 128.000       4.9629
