#Res        AtomicFlx
   1.000       4.8125
   2.000       4.8205
   3.000       4.4209
   4.000       4.2922
   5.000       3.9027
   6.000       3.8658
   7.000       3.8304
   8.000       3.3968
   9.000       3.1770
  10.000       3.2604
  11.000       3.0521
  12.000       2.7114
  13.000       2.7830
  14.000       2.8820
  15.000       2.6033
  16.000       2.4910
  17.000       2.3758
  18.000       2.4740
  19.000       2.6106
  20.000       2.4543
  21.000       2.7884
  22.000       2.8619
  23.000       2.5957
  24.000       2.6366
  25.000       2.6049
  26.000       2.8398
  27.000       2.7643
  28.000       2.7022
  29.000       3.0459
  30.000       3.2650
  31.000       3.2168
  32.000       3.4290
  33.000       3.8370
  34.000       3.9793
  35.000       3.9436
  36.000       4.2141
  37.000       4.3368
  38.000       4.1025
  39.000       4.2436
  40.000       4.2423
  41.000       4.7298
  42.000       4.5585
  43.000       4.8386
  44.000       4.7614
  45.000       5.1214
  46.000       5.2103
  47.000       5.6114
  48.000       5.1966
  49.000       5.0066
  50.000       4.6643
  51.000       4.2513
  52.000       4.1372
  53.000       3.7882
  54.000       3.8126
  55.000       3.5194
  56.000       3.2630
  57.000       3.5263
  58.000       3.4420
  59.000       3.5632
  60.000       3.7544
  61.000       3.8310
  62.000       3.4707
  63.000       3.1911
  64.000       3.4681
  65.000       3.7698
  66.000       4.2940
  67.000       4.6068
  68.000       4.8454
  69.000       4.6385
  70.000       4.3897
  71.000       3.9766
  72.000       3.6287
  73.000       3.2896
  74.000       2.9457
  75.000       2.7815
  76.000       3.0735
  77.000       3.2251
  78.000       3.5753
  79.000       3.8228
  80.000       4.0698
  81.000       3.6269
  82.000       3.5775
  83.000       4.2063
  84.000       4.1896
  85.000       4.2110
  86.000       3.9251
  87.000       3.1976
  88.000       2.9391
  89.000       2.8656
  90.000       2.7155
  91.000       2.4071
  92.000       2.3455
  93.000       2.4109
  94.000       2.2992
  95.000       2.2301
  96.000       2.4012
  97.000       2.5819
  98.000       2.5910
  99.000       2.7927
 100.000       3.0299
 101.000       3.5064
 102.000       3.3616
 103.000       3.0198
 104.000       3.0193
 105.000       3.4070
 106.000       3.3985
 107.000       3.4209
 108.000       3.8944
 109.000       3.8326
 110.000       3.5061
 111.000       3.8325
 112.000       4.2056
 113.000       3.9499
 114.000       3.5363
 115.000       3.7110
 116.000       3.9601
 117.000       3.7560
 118.000       3.7730
 119.000       3.3972
 120.000       3.5493
 121.000       3.8175
 122.000       3.4820
 123.000       3.3311
 124.000       3.6979
 125.000       4.1081
 126.000       3.8668
 127.000       3.7845
 128.000       3.4318
