#Res        AtomicFlx
   1.000       3.3730
   2.000       3.4854
   3.000       3.3542
   4.000       3.6183
   5.000       3.6928
   6.000       4.0964
   7.000       3.8954
   8.000       3.5572
   9.000       3.9605
  10.000       4.3127
  11.000       4.0132
  12.000       4.0501
  13.000       4.6704
  14.000       4.7887
  15.000       4.5330
  16.000       4.8121
  17.000       4.3210
  18.000       4.7011
  19.000       5.1533
  20.000       4.9373
  21.000       5.2181
  22.000       5.1277
  23.000       4.5382
  24.000       4.1977
  25.000       3.9105
  26.000       3.6882
  27.000       3.3875
  28.000       3.0576
  29.000       3.0205
  30.000       2.9385
  31.000       2.6444
  32.000       2.5350
  33.000       2.7445
  34.000       2.6965
  35.000       2.5389
  36.000       2.6443
  37.000       2.8641
  38.000       2.7660
  39.000       2.6712
  40.000       2.6427
  41.000       2.8692
  42.000       2.7107
  43.000       3.0642
  44.000       3.2956
  45.000       3.6961
  46.000       4.1098
  47.000       4.7444
  48.000       4.6394
  49.000       4.2448
  50.000       3.7257
  51.000       3.1236
  52.000       2.7429
  53.000       2.4156
  54.000       2.2987
  55.000       2.2661
  56.000       2.2947
  57.000       2.3681
  58.000       2.5407
  59.000       2.9411
  60.000       3.3240
  61.000       3.7699
  62.000       3.6949
  63.000       3.3783
  64.000       3.3402
  65.000       3.4483
  66.000       3.6789
  67.000       4.2757
  68.000       4.3862
  69.000       4.2855
  70.000       4.4603
  71.000       4.3711
  72.000       4.3297
  73.000       3.9933
  74.000       3.9654
  75.000       3.6516
  76.000       3.7798
  77.000       3.4244
  78.000       3.1405
  79.000       2.8485
  80.000       2.8879
  81.000       2.8152
  82.000       2.5565
  83.000       2.7746
  84.000       2.8808
  85.000       3.1657
  86.000       3.1162
  87.000       3.1221
  88.000       3.2033
  89.000       3.0434
  90.000       2.7415
  91.000       3.0976
  92.000       3.4303
  93.000       3.1712
  94.000       3.1151
  95.000       3.7214
  96.000       3.8838
  97.000       3.7411
  98.000       4.0826
  99.000       4.6322
 100.000       4.5239
 101.000       4.6809
 102.000       4.1498
 103.000       3.8654
 104.000       3.4995
 105.000       3.5568
 106.000       3.2642
 107.000       2.9640
 108.000       2.9838
 109.000       2.8688
 110.000       3.1076
 111.000       3.4798
 112.000       3.5289
 113.000       3.4981
 114.000       3.5473
 115.000       3.8906
 116.000       4.4822
 117.000       4.3669
 118.000       4.4774
 119.000       4.2275
 120.000       4.6568
 121.000       4.3329
 122.000       3.8344
 123.000       4.3206
 124.000       4.4856
 125.000       4.9843
 126.000       5.0490
 127.000       5.5778
 128.000       5.7165
