#Res        AtomicFlx
   1.000       3.9049
   2.000       4.0838
   3.000       3.9817
   4.000       4.3256
   5.000       4.2771
   6.000       4.8943
   7.000       4.8379
   8.000       4.3324
   9.000       4.7054
  10.000       5.1282
  11.000       4.6506
  12.000       4.5110
  13.000       5.1776
  14.000       5.2306
  15.000       4.6855
  16.000       4.9359
  17.000       4.4835
  18.000       4.9491
  19.000       4.9553
  20.000       4.4809
  21.000       4.5710
  22.000       4.7666
  23.000       4.3614
  24.000       4.3300
  25.000       4.2263
  26.000       3.9919
  27.000       3.5061
  28.000       3.2532
  29.000       3.2519
  30.000       2.8879
  31.000       2.4930
  32.000       2.5727
  33.000       2.5648
  34.000       2.2361
  35.000       2.0930
  36.000       2.4833
  37.000       2.8717
  38.000       3.1203
  39.000       2.9827
  40.000       3.0790
  41.000       3.2376
  42.000       2.7730
  43.000       2.8548
  44.000       2.7472
  45.000       3.1647
  46.000       3.4166
  47.000       4.0554
  48.000       4.0280
  49.000       3.8269
  50.000       3.1964
  51.000       2.6705
  52.000       2.3313
  53.000       2.1854
  54.000       2.3190
  55.000       2.3600
  56.000       2.0350
  57.000       1.8880
  58.000       1.9218
  59.000       2.1122
  60.000       2.5672
  61.000       2.7941
  62.000       2.5438
  63.000       2.2814
  64.000       2.4297
  65.000       2.8335
  66.000       3.3471
  67.000       3.8510
  68.000       4.1228
  69.000       3.7989
  70.000       3.5195
  71.000       3.1445
  72.000       2.9530
  73.000       2.6754
  74.000       2.6395
  75.000       2.5774
  76.000       2.7647
  77.000       2.6596
  78.000       2.8189
  79.000       2.7292
  80.000       3.1692
  81.000       3.0633
  82.000       2.8343
  83.000       3.2568
  84.000       3.4953
  85.000       3.9648
  86.000       3.7859
  87.000       3.4066
  88.000       3.3323
  89.000       2.8682
  90.000       2.6382
  91.000       2.9311
  92.000       2.9681
  93.000       2.5497
  94.000       2.6315
  95.000       3.1451
  96.000       3.0142
  97.000       2.8867
  98.000       3.3956
  99.000       3.8069
 100.000       3.7567
 101.000       4.1088
 102.000       3.6949
 103.000       3.3462
 104.000       2.9642
 105.000       3.0182
 106.000       2.6553
 107.000       2.4019
 108.000       2.4508
 109.000       2.2918
 110.000       2.6027
 111.000       2.9522
 112.000       2.8549
 113.000       2.8316
 114.000       3.1797
 115.000       3.5030
 116.000       4.1340
 117.000       4.1207
 118.000       4.2576
 119.000       4.2112
 120.000       4.7185
 121.000       4.6296
 122.000       4.3169
 123.000       4.8922
 124.000       4.9777
 125.000       5.5839
 126.000       5.8284
 127.000       6.6127
 128.000       6.9513
