#Res        AtomicFlx
   1.000       2.4515
   2.000       2.5699
   3.000       2.6231
   4.000       2.8941
   5.000       3.0579
   6.000       3.1543
   7.000       2.8606
   8.000       2.7345
   9.000       3.0081
  10.000       2.9632
  11.000       2.7696
  12.000       2.9641
  13.000       3.3726
  14.000       3.4957
  15.000       3.5020
  16.000       3.6878
  17.000       4.0307
  18.000       3.9638
  19.000       4.3920
  20.000       4.3950
  21.000       3.9771
  22.000       3.7864
  23.000       3.4683
  24.000       3.5664
  25.000       3.4437
  26.000       3.0455
  27.000       3.0270
  28.000       3.1426
  29.000       2.8447
  30.000       2.5241
  31.000       2.6130
  32.000       2.5981
  33.000       2.3415
  34.000       2.3255
  35.000       2.4782
  36.000       2.3605
  37.000       2.2069
  38.000       2.1490
  39.000       2.1817
  40.000       2.0685
  41.000       2.0985
  42.000       2.1310
  43.000       2.3275
  44.000       2.4583
  45.000       2.7363
  46.000       2.8094
  47.000       2.4981
  48.000       2.3495
  49.000       2.1308
  50.000       2.1019
  51.000       2.0190
  52.000       2.1092
  53.000       2.2866
  54.000       2.2856
  55.000       2.4236
  56.000       2.6830
  57.000       2.7828
  58.000       3.0978
  59.000       3.1241
  60.000       3.0588
  61.000       3.0323
  62.000       3.1549
  63.000       3.3369
  64.000       3.7119
  65.000       3.7000
  66.000       3.7048
  67.000       4.1279
  68.000       4.2376
  69.000       3.6753
  70.000       3.4607
  71.000       3.4231
  72.000       3.4522
  73.000       3.3191
  74.000       3.4496
  75.000       3.1090
  76.000       2.8910
  77.000       2.5919
  78.000       2.5270
  79.000       2.4569
  80.000       2.2227
  81.000       2.2926
  82.000       2.3746
  83.000       2.5418
  84.000       2.5034
  85.000       2.4750
  86.000       2.7244
  87.000       2.8490
  88.000       2.6491
  89.000       2.7923
  90.000       3.1226
  91.000       2.9408
  92.000       2.9021
  93.000       3.3311
  94.000       3.4798
  95.000       3.3450
  96.000       3.7410
  97.000       4.1925
  98.000       4.1838
  99.000       3.9877
 100.000       3.7407
 101.000       3.5482
 102.000       3.6162
 103.000       3.1744
 104.000       3.0592
 105.000       3.3066
 106.000       3.3067
 107.000       3.7721
 108.000       4.2026
 109.000       4.0793
 110.000       4.1025
 111.000       4.2778
 112.000       4.9741
 113.000       5.1013
 114.000       5.0613
 115.000       4.5017
 116.000       4.6309
 117.000       4.4443
 118.000       3.8687
 119.000       4.0647
 120.000       4.5450
 121.000       4.9102
 122.000       4.6219
 123.000       5.0257
