#Res        AtomicFlx
   1.000       3.8053
   2.000       4.0449
   3.000       4.1792
   4.000       4.3746
   5.000       4.2681
   6.000       4.3880
   7.000       4.3379
   8.000       4.1332
   9.000       4.2474
  10.000       4.4168
  11.000       4.3063
  12.000       4.2712
  13.000       4.5601
  14.000       4.6763
  15.000       4.5397
  16.000       4.7049
  17.000       4.4526
  18.000       4.7752
  19.000       4.9076
  20.000       4.7803
  21.000       5.1058
  22.000       5.1608
  23.000       4.7573
  24.000       4.6355
  25.000       4.3678
  26.000       4.3430
  27.000       4.2079
  28.000       3.9955
  29.000       4.0014
  30.000       4.0343
  31.000       3.8313
  32.000       3.7364
  33.000       3.8805
  34.000       3.8277
  35.000       3.6122
  36.000       3.6606
  37.000       3.8521
  38.000       3.7830
  39.000       3.6155
  40.000       3.5217
  41.000       3.5689
  42.000       3.4434
  43.000       3.4235
  44.000       3.3437
  45.000       3.3951
  46.000       3.4978
  47.000       3.9170
  48.000       3.8641
  49.000       3.5872
  50.000       3.4653
  51.000       3.2604
  52.000       3.1903
  53.000       3.2264
  54.000       3.2730
  55.000       3.3746
  56.000       3.4735
  57.000       3.4396
  58.000       3.3288
  59.000       3.3192
  60.000       3.3660
  61.000       3.3418
  62.000       3.5212
  63.000       3.7408
  64.000       3.6687
  65.000       3.6122
  66.000       3.6980
  67.000       3.6977
  68.000       3.9584
  69.000       3.9194
  70.000       4.0405
  71.000       4.0127
  72.000       4.2126
  73.000       4.1757
  74.000       4.2959
  75.000       3.9489
  76.000       3.7905
  77.000       3.4951
  78.000       3.6015
  79.000       3.7292
  80.000       3.5585
  81.000       3.6373
  82.000       3.7566
  83.000       3.9690
  84.000       3.9908
  85.000       3.9524
  86.000       4.1260
  87.000       3.9905
  88.000       3.8301
  89.000       4.0503
  90.000       4.2042
  91.000       3.9949
  92.000       4.0166
  93.000       4.3447
  94.000       4.3512
  95.000       4.2131
  96.000       4.4526
  97.000       4.8041
  98.000       4.8290
  99.000       5.0912
 100.000       4.7811
 101.000       4.5636
 102.000       4.2888
 103.000       4.2722
 104.000       4.0099
 105.000       3.9695
 106.000       4.1452
 107.000       4.1165
 108.000       4.2470
 109.000       4.5466
 110.000       4.6432
 111.000       4.5711
 112.000       4.5357
 113.000       4.7631
 114.000       5.1697
 115.000       5.0157
 116.000       5.0770
 117.000       4.8874
 118.000       4.7966
 119.000       4.9928
 120.000       4.7246
 121.000       4.8125
 122.000       5.3172
 123.000       5.2468
 124.000       5.0492
 125.000       5.4128
 126.000       5.3829
